rl,call4,all,mit,
0,0,0,21746,
0,1,10,19518,
0,1,77,29126,
0,0,11,27897,
0,0,48,30167,
0,0,11,29260,
0,0,6,25013,
0,0,9,33176,
0,0,5,27162,
0,0,27,25453,
0,0,9,28747,
0,0,9,32203,
0,0,4,28638,
0,0,5,26472,
0,0,10,19719,
0,0,13,32206,
0,0,8,25686,
0,1,13,32854,
0,1,42,28800,
1,0,37,29832,
3,0,28,28717,
1,0,22,23558,
1,0,12,25880,
1,0,35,26457,
1,0,23,13255,
1,0,14,17683,
1,0,16,31014,
0,0,10,33188,
0,0,2,9495,
0,0,124,2585,
0,0,316,25363,
0,0,0,12266,
0,0,2,48047,
0,0,3,39526,
0,0,8,40593,
0,0,2,49731,
0,0,7,50853,
0,0,5,51011,
0,0,12,57918,
0,0,10,43176,
0,0,10,76891,
0,0,9,84362,
0,0,10,71453,
0,0,5,85187,
0,0,0,69299,
0,0,8,73317,
0,0,26,83387,
0,0,1,58397,
0,0,86,56996,
1,0,71,74696,
1,0,44,78624,
1,0,72,95858,
0,0,2,102063,
0,0,10,85216,
0,0,39,71792,
0,0,25,94120,
2,0,41,81318,
2,0,30,90641,
1,0,17,110806,
1,0,22,93120,
0,0,9,92971,
0,0,13,67746,
0,0,5,91263,
0,0,7,109243,
0,0,25,70300,
0,0,13,81655,
0,0,17,61403,
0,0,16,80160,
0,0,8,93647,
0,0,2,87850,
0,0,71,80364,
0,0,63,72153,
0,0,83,70259,
0,0,18,96325,
0,0,0,92206,
0,0,21,98079,
0,0,0,106628,
0,0,4,95236,
0,0,4,83930,
0,0,2,108370,
0,0,13,110164,
0,0,5,42279,
0,0,41,78047,
18,1,43,71683,
15,1,65,72196,
21,0,66,54106,
5,0,68,57237,
5,0,40,49149,
9,0,46,52030,
5,0,35,63418,
15,0,39,54043,
9,0,41,76469,
0,0,9,95099,
2,0,9,88238,
1,0,9,86593,
1,0,52,99672,
1,0,55,59828,
9,0,103,99288,
13,0,143,81953,
18,0,95,76707,
16,0,139,107866,
9,0,160,92082,
25,0,130,89869,
38,0,170,80692,
34,0,136,70863,
46,0,128,65634,
39,0,121,59057,
47,0,106,73953,
30,0,122,78474,
36,0,86,85345,
27,0,79,87016,
31,0,69,78821,
27,0,74,79113,
15,0,76,100203,
15,0,67,92521,
5,0,7,99622,
3,0,47,82389,
6,0,33,96338,
6,0,33,79512,
7,0,64,77685,
4,0,53,78660,
0,0,323,75086,
0,0,82,82646,
9,0,111,83039,
22,0,183,75834,
41,0,195,51583,
21,0,169,56615,
118,0,420,78428,
62,0,480,61943,
68,0,173,76446,
102,0,299,78900,
68,0,394,63425,
73,0,491,67408,
33,0,465,57942,
125,0,492,60217,
100,0,465,56235,
26,0,452,65700,
105,0,91,62824,
176,0,494,58004,
205,0,454,45720,
221,0,586,55390,
323,0,483,51335,
255,0,612,35480,
292,0,501,48857,
296,1,778,44551,
297,3,692,46325,
322,1,602,23103,
291,0,546,26311,
177,1,305,16458,
248,0,206,5258,
8,0,133,1199,
