rl,call4,all,mit,
0,0,0,0,
0,0,0,0,
1161558,1578935,1842202,2180598,
1143793,1374621,1216500,2235876,
1040765,1464720,1375812,2326443,
1203344,1305741,1310901,2450063,
1248235,1273129,1048777,2411648,
1051848,1192896,1315900,2266749,
1018270,1199789,1280593,2387557,
1140078,1621497,1845066,2143334,
1108059,1546515,1221350,2193540,
1214656,1635571,1773503,2218008,
1054860,1119434,1869601,2299945,
1168965,1514187,1884655,2158887,
1105012,1665176,1879488,2272099,
1177966,1634299,993017,2196774,
1006192,1186482,1209718,2278011,
1137232,1562236,1208346,2192317,
1098378,1056303,1284358,2390535,
1100299,1473660,1241790,2487368,
951622,1612981,1876111,2258824,
1275231,1525379,1288337,2443188,
959647,1687943,1768499,1931330,
1164678,1388193,1168214,2237989,
1019509,1296580,1810514,2320561,
1089698,1696605,1911986,2343072,
1028319,1185933,1189613,2301194,
1072502,1229722,1296137,2172650,
1016627,1196107,1158879,2220752,
1022581,1150617,1879251,2367878,
1145844,1293916,1194320,2343231,
1229331,1330425,1817737,2229550,
1036247,1148116,1843253,1995462,
1081997,1287381,1291907,2276688,
1099856,1177870,1816936,2384354,
1096943,1108737,1822989,2203461,
1143993,1240501,1191769,2190581,
1159609,1031001,1862348,2094937,
1176465,1234107,1770759,2301215,
1043938,1135690,1819815,2460856,
1107191,1460297,1326235,2151521,
1232695,1271367,1866140,2200601,
1124593,1160722,1163687,2167761,
1073995,1142992,1785237,2431057,
1034859,1153040,1175105,2255008,
1145969,1242237,1284323,2326799,
1006850,1111959,1801255,2083048,
1177810,1136578,1146569,2203602,
1123339,1207566,1750048,2232735,
1093607,1209579,1232338,2199356,
1063686,1311535,1955513,2168840,
1106719,1666464,1692196,2232456,
1200605,1664507,1803858,2375634,
1063974,1663303,1257628,2269460,
1049532,1343626,1137971,2110596,
1121970,1185508,1857436,2223431,
1172747,1216957,1223720,2368175,
997448,1103779,1035217,2164180,
1274386,1129553,1808209,2301674,
1176431,1250699,1803115,2198072,
1118086,1164719,1889514,2348207,
1130284,1575847,1772502,2248950,
910646,1593050,1108434,2227091,
1190598,1576701,1825280,2267003,
898588,1119351,1188108,2128383,
1098614,1309076,1203991,2266658,
1141885,1230411,1322579,2172700,
1103273,1226169,1227471,2361526,
1178151,1182595,1859877,2485754,
1115368,1068266,1164014,2308317,
1123035,1306061,1301259,2216215,
1158008,1291381,1832384,2508380,
987224,1269427,1789029,2196938,
1198501,1150710,1137375,2213299,
992379,1251294,1370790,2184719,
1104313,1122184,1871380,2115495,
1165699,1263466,1886786,2199720,
1063006,1179855,1869441,2257898,
1201560,1258092,1713956,2335451,
1212494,1272153,1808535,2297492,
1134006,1119315,1820757,2132526,
1042856,1545627,1366974,2216944,
1125157,1582285,1360480,2287007,
1107430,1502691,1201069,2355452,
1127625,1110680,1216515,2132059,
1115667,1415779,1893334,2286450,
1253225,1599839,1744506,2204207,
1077451,1747649,1930325,2326114,
1111842,1351134,1818005,2230886,
1223790,1645244,1802459,2241296,
1086759,1266021,1953791,2349895,
1177641,1662197,1773280,2349064,
1071897,1620125,1761425,2200071,
1138333,1630734,1841042,2355566,
1149019,1298841,1846438,2210392,
1040529,1638419,1858511,2262109,
1242478,1202739,1346644,2187245,
1128335,1634344,1168425,2578911,
1157267,1478758,1773428,2323343,
1073932,1200980,1247188,2476633,
1142627,1262304,1173680,2374480,
1162307,1159918,1266489,2287049,
1005867,1217636,1850486,2322107,
1205226,1185362,1313891,2270953,
1166780,1304283,1163245,2331650,
930821,1291554,1065305,2299745,
1133212,1117648,1247810,2161709,
915457,1162847,1883848,2275940,
1140011,1205473,1200626,2145681,
1147695,1125643,1874045,2008260,
791936,1068911,1750595,2287758,
1235464,1109755,1297961,2371814,
1059630,1600645,1775189,2344195,
1014454,1280785,1206748,2324133,
986112,1117930,1879584,2220235,
1192173,1327233,1076126,1969933,
1065542,1275509,1880407,2274850,
1144539,1101877,1313498,2215483,
1132447,1150215,1135719,2186709,
899787,1143569,1220771,2257528,
1160553,1211732,1793848,2244136,
1084129,1361918,1818199,2127311,
994401,1097334,1721661,2208145,
1078090,1705780,1122715,2103875,
1167966,1384593,1787295,2187981,
1209249,1123926,1294090,2302014,
1233644,1233930,1935448,2388354,
1102391,1145638,1231526,2198845,
901291,998496,1807875,2283803,
1046399,1079366,1819741,2000262,
1155540,1609184,1135242,2381070,
1110913,1618726,1918170,2377520,
932739,1586450,1290329,2251499,
1206342,1302072,1941268,2559269,
1177770,1350753,1224254,2417921,
1186917,1236436,1333588,2238309,
1050465,1212486,1204371,2092096,
1043950,1086572,1719761,2331816,
1205989,1349230,1818864,2308487,
1027175,1020039,990622,1990269,
1148671,1111445,1868873,2457759,
1145973,1210922,1930373,2465878,
1168367,1133380,1864936,2343040,
1065429,1340468,1231342,2360587,
1284198,1337390,1883722,2531047,
1115625,1254882,1174495,2357271,
957604,1234861,1158921,2385639,
1039879,1186811,1852375,2297736,
1129147,1133036,1015235,2319585,
1154464,1268975,1727081,2108369,
1206116,1193169,1891397,2203629,
1052944,1190964,1810397,2222620,
1096782,1646203,1292247,2084140,
1056381,1512914,1267237,2370794,
1106954,1638334,1235713,2266888,
1187969,1599617,1366705,2252630,
1099868,1471436,1352266,2513193,
901708,1231865,1158164,2239018,
1053218,1175290,1826210,2430463,
1063561,1323726,1841973,2539262,
1131689,1162037,1850554,2426306,
1164949,1280740,1854312,2177702,
1023548,1268908,1415118,2299749,
1149350,1297075,1771077,2158475,
1024721,1151904,1260751,2078609,
1100780,1427894,1311329,2377336,
1135613,1222360,1376098,2488136,
1029796,1300179,1241709,2348143,
995853,1192482,1211290,2383031,
1162695,1169974,1743746,2323984,
1102541,990723,1091169,2232749,
1090430,946608,1221987,2185462,
919813,1065591,898791,2337762,
1067699,1254195,1161227,2200830,
1194985,1403785,1770982,2218879,
1051017,1229256,1292304,2528419,
1099956,1278143,1215510,2246572,
994885,1314795,1218709,2378260,
1199051,1141773,998200,2460288,
1103424,1246787,1280595,2482613,
602922,1329529,455192,2482685,
797448,565386,831277,1859541,
1188647,780549,538756,2132907,
912170,347018,570731,1422343,
931162,608769,574512,2123038,
1192140,1351750,1403498,2294513,
914887,1050674,691692,2083401,
1130448,1103437,689165,2303790,
1063843,1552491,1741151,2435598,
1194681,1736506,1049933,2198479,
1148030,1079937,1144131,2125542,
1269475,1183113,1857247,2130772,
1169589,1471626,1880397,2293389,
1102195,1569681,1766541,2173416,
1183585,1572531,1775935,2268727,
1188162,1619358,1878836,2304857,
1052457,1336946,1780666,2420773,
1160438,1550509,1859595,2259579,
1183603,1504824,1832111,2297107,
1012230,1669876,1885932,2160800,
1200796,1658325,1057359,2264761,
1071138,1644076,1836809,2378072,
1173010,1624893,1258130,2413542,
1262726,1663805,1766508,2466540,
1304033,1617172,1276097,2437276,
1198757,1577834,1897126,2416657,
864952,1632591,1920341,2436057,
1204303,1535461,1794859,2687883,
1260975,1202895,1839094,2349165,
1227126,1533115,1809441,2287659,
1001573,1533004,1841643,2225660,
1160430,1483149,1184640,2257735,
1247764,1130344,1861993,2249360,
1116253,1600508,1776047,2279874,
1102773,1140115,1801769,2397425,
1202326,1282537,1291286,2307031,
909618,1520259,1774652,1995587,
863885,1457599,1853194,2247491,
1237774,1119797,1791258,2361976,
1210636,1539951,1174292,2277970,
1045513,1248213,1153635,2122412,
936424,1281028,1098386,2262681,
1243161,1615906,1758599,2229146,
1028409,1535307,1832061,2271700,
1104435,1575008,1695194,2322936,
1234952,1580735,1817174,2288147,
1059039,1469070,1821391,2521159,
1066583,1489858,1877563,2233101,
1249161,1647305,1825097,2307662,
1253526,1543117,1932180,2305049,
1212586,1261765,1951068,2341086,
996840,1546516,2008937,2347380,
1279377,1504774,1155884,2403088,
1175598,1186945,1772001,2214874,
1266523,1594014,1877099,2253340,
1260711,1257421,1927823,2311008,
1128650,1200051,1916270,2186176,
1042242,1635609,1901646,2392849,
1070388,1680508,1159995,2365530,
1207065,1258102,1262734,2338014,
844418,1230832,1835182,2455686,
1113946,1606247,1836130,2326342,
1025778,1187455,1821891,2112402,
1240730,1639112,1874482,2351049,
1044514,1656813,1824699,2172040,
1164358,1610028,1879693,2298075,
965016,1118586,1129179,2177207,
1098436,1522311,1268829,2353803,
1269386,1547083,1855242,2315111,
1104500,1112352,1751550,2309024,
1084377,1087876,1775783,2273816,
1189020,1334374,1301180,2221289,
1279716,1613454,1904440,2371927,
1063187,1467457,1795396,1985123,
1181504,1582728,1884756,2249861,
1110880,1535563,1270725,2202333,
960263,1157681,1844699,2296821,
841576,1273106,1031805,2390060,
1179805,973257,1779051,2298496,
1202275,1619956,1820265,2144364,
1130182,1254882,1939193,2487437,
769573,1239005,1848311,2380234,
1168147,1156597,1313218,2279574,
1128276,1544224,1820585,2385146,
1041299,1589630,1750555,2416135,
1177302,1580945,1099533,2262583,
1047034,1500804,1150765,2090170,
1240355,1512095,1676171,2366911,
1184032,1632864,1879018,2334587,
1214180,1619562,1772574,2277547,
921299,1257537,1872506,2202360,
1043521,1504239,1696824,2370893,
1079740,1628682,1869738,2319111,
1126863,1233840,1820449,2399476,
1138742,1593110,1170226,2272493,
1053449,1622323,1872440,2146403,
1213549,1196383,1810935,2327345,
1170718,1612216,1359817,2265250,
1208096,1650396,1807075,2154552,
960919,1227115,1275105,2400017,
1151124,1543016,1906815,2293802,
1090262,1630323,1110527,2221564,
1204184,1579201,1082415,2289870,
1188630,1248296,1796198,2206382,
878010,1482637,1754197,2260602,
1162276,1277255,1261006,2137351,
1065038,1637598,1908147,2217497,
1161405,1665782,1846335,2230496,
1328702,1780332,1895645,2139914,
1174446,1307436,1844834,2204884,
1158907,1714896,1148094,2444042,
898718,1199543,1888612,2394374,
1205836,1683716,1755513,2321251,
1070226,1559262,1874754,2411884,
1114682,1666836,1264873,2380894,
1270206,1671472,1269570,2338030,
902104,1607524,1249986,2491910,
1212990,1496946,1054855,2525873,
1193053,1100043,1729232,2353255,
1316471,1527454,1786225,2067987,
640591,756482,1203917,2162680,
843631,1564956,1843519,2045314,
1244124,1527273,1152667,2092771,
1257887,1571277,1301523,2309160,
934151,897146,1883561,2295733,
955731,1579170,1040534,2197913,
1111342,1638792,1327616,2191504,
1272345,1537227,1250788,2214760,
913281,1225353,1773906,2291114,
1239621,1048676,1798043,2328966,
1170137,1590936,1960977,2155439,
934732,1569459,1195175,2301479,
1171926,1586308,1833935,2161505,
1132161,1230422,1786148,2278265,
1074831,1557066,1832138,2327034,
1232041,1168026,1910826,2323543,
1173453,1563744,1252925,2288425,
1141629,1295557,1906773,2250669,
1098060,1101339,1788128,2425756,
1093233,1435694,1783025,2238892,
1160441,1459645,1845867,2364229,
1245297,1733663,1863905,2197930,
918672,1280834,1090076,2294819,
1171446,1652000,1767213,2107681,
762076,1594499,1264170,2330498,
1184494,1234922,1871608,2271508,
1303905,1506613,1897803,2180077,
1057178,1680410,1248283,2322946,
1051449,1197372,1916873,2214095,
1254384,1460802,1799101,2143144,
1240914,1773123,2002505,2286343,
1257651,1284919,1000884,2234140,
1106768,1662560,998261,2132110,
974543,1689748,1839767,2310490,
1297055,1190674,1806809,2236217,
1156675,1697937,1163078,2162036,
1309532,1357097,1240532,2347228,
993184,1742599,1758805,1796630,
1000901,1118601,1857619,2363345,
1123206,1267864,1100242,2184999,
1100092,1694166,1853952,2254946,
1073300,1370022,1236048,2496513,
1291885,1756776,1854987,2225515,
1069256,1755235,1657977,2375183,
1113306,1613883,1772840,2277565,
1007516,1084503,1742164,2353534,
1175792,1618365,1856622,2274219,
1305041,1502952,1862905,2445963,
1026373,1307384,1816861,2443384,
1200239,1642503,1180202,2122364,
1053193,1583331,1159039,2276611,
1295512,1179665,1853743,2299743,
1032267,1506669,1906684,2165015,
1251449,1574505,970653,2254403,
1168711,1511807,1266667,2192218,
1001463,1139578,1289797,2474660,
1081900,1619851,1891286,2453949,
1214996,1542212,1777447,2415051,
1280411,1634844,1818766,2099337,
951192,1525099,1282464,2396787,
1182170,1179507,1775671,2279802,
1189531,1122009,1193437,2212102,
986248,1661626,1783495,2209429,
1185369,1677468,1727824,2330388,
1131638,1582263,1316885,2511481,
947116,1123049,1050603,2251574,
1310890,1721717,1341167,2229327,
1026338,1124724,1789081,2246187,
1298150,1526914,1139666,2213946,
1215573,1707223,1790943,2084338,
1099513,1329982,1929017,2354701,
1090579,1266480,1150204,2200178,
1048848,1460763,1246173,2218917,
915378,1607082,1836215,2377729,
1252897,1578853,1695186,2271727,
1115357,1545310,1726464,2130018,
1003765,962640,1783618,2356449,
1179917,1611297,1296777,2190638,
1053754,1037952,1242526,2397071,
1117304,1200722,1839522,2346907,
1149473,1644386,1787701,2169938,
1184413,1372103,1852308,1933045,
954065,1679304,1840888,2267038,
991115,1726805,1301879,2376270,
1186120,1712567,1216471,2379725,
1154918,1306284,1780333,2208789,
1095853,1656105,1796083,2452953,
853267,975284,1057595,2357483,
1108431,1469578,1857098,2348560,
1203807,1140824,1679715,2347972,
1346370,1592443,1907462,2101708,
1144392,1239725,1763515,1967035,
1112631,1709031,1291079,2283413,
1232747,1340857,1363216,2205216,
1121682,1730302,1783968,2160824,
1271897,1398602,1225986,2318257,
673629,1570757,1022839,2432010,
1029433,1217368,1795856,2213698,
1330156,1742672,1813137,2458114,
953976,1601829,1882928,2326773,
1253759,1305375,1865637,2519802,
1111924,1652893,1226531,2310673,
1100303,1246493,1783854,2470763,
1159277,1701811,1866903,2406630,
1208135,1705714,1808376,2307697,
758421,1110254,1302221,2217437,
891558,1533380,1257789,2280901,
1170629,1590983,1839891,2265794,
1145673,1578124,1796967,2157379,
1093327,990692,1859220,2301060,
1070517,1541822,1215904,2235454,
879137,1663566,1823462,2457349,
1158484,1723899,1842117,2304301,
950281,1803107,1869626,2253260,
979423,1851604,1810626,2227650,
1147911,1364515,1055810,2263496,
1073207,1410577,1803044,2388093,
1102536,1624146,1283444,2242708,
1045573,1303323,1713162,2164060,
959214,1006928,1864259,2353221,
1241601,1581709,1779116,2265567,
1184654,1646568,1248508,2302325,
1201322,1554324,1047299,2274684,
1067392,1288273,1846968,2240548,
1175386,1326736,1242215,2242344,
1084475,1664329,1380669,2194227,
976153,1748826,1775574,2382899,
1029945,1601134,1253555,2234980,
1086065,1639781,1746550,2248348,
1059285,1603604,1081640,2183173,
1298338,1280766,1926960,2249757,
995677,1519380,1746582,2310590,
1100859,1588955,1250616,2296997,
1155183,1231873,1119586,2455510,
1066317,1371849,1345007,2387166,
1288527,1722152,1865268,2462661,
1205182,1626045,1767181,2381231,
1246719,1588642,1320790,2167512,
1098218,1175110,1873952,2370835,
1262098,1719298,1807546,2439359,
1161163,1757998,1781491,2207243,
1156510,1685815,1153616,2269945,
1209156,1760222,1871071,2326904,
970095,1270510,1872075,2438181,
1194180,1633026,1225853,1969367,
1221527,1518102,1233250,2339246,
904706,1054985,1840179,2355591,
1294723,1626199,1792943,2346325,
778149,752665,1253084,2244465,
1035769,1524785,1734300,2297551,
1136299,1607222,1879108,2447259,
1155674,1514165,1796753,2333612,
1155169,1033403,1851571,2136057,
949375,1635656,1308254,2199602,
1176574,1654233,1100233,2450571,
1271634,1152425,1771746,2225204,
1157102,1234405,1085509,2244459,
1003279,1660459,1214294,2365556,
829112,1351822,1795035,2470500,
1101513,1643622,891526,2326091,
1240212,1665052,1804582,2348560,
1134509,1590736,1863891,2455866,
1135047,1591067,1873981,2326119,
1164174,1119048,1668268,2329330,
1167911,1582099,1318290,2209259,
1218832,1340994,1800423,2245555,
806556,1697285,1762664,2276270,
1158999,1477974,1260386,2120930,
1180962,1188213,1318435,2163579,
1227645,1605118,1831148,2319516,
1094988,1550759,1158985,2166828,
860374,1556445,1164539,2503000,
1216868,1547547,1309042,2442875,
1138520,1681873,1740050,2338551,
1143342,1560155,1712246,2308006,
1030590,1065592,1276753,2296379,
984338,1587021,1754118,2250555,
847756,1583526,1388638,2390220,
